姿  花园站洪水水文要素摘录表														
														
年份:		1996		测站编码:		62205600							共3页 第1页	
月	日	时分	水位(m)	流量(m3/s)	月	日	时分	水位(m)	流量(m3/s)	月	日	时分	水位(m)	流量(m3/s)
														
5	2	8	32.79	4.54	        6	23	8	33.08	18	             7	4	14	35.36	590
   	  	20	32.79	4.54	          	  	20	33.07	17.3	        	  	16	35.29	561
   	3	3	32.82	5.12	          	24	0	33.08	18	  	        	    18:30	35.29	561
   	  	8	32.91	7.61	          	  	2	33.08	18	  	        	5	2:35	35.77	764
   	  	 10:10	32.99	12.1        	  	8	33.1	19.5	        	    4	35.77	764
   	  	11	33	12.9	  	          	 10:14	33.11	20.3	        	  	5	35.77	764
   	  	12	33.0 	12.9	          	  	20	33.2	27.4	        	  	6	35.74	751
   	  	14	33.04	16.4	          	25	0	33.23	30	  	        	    8	35.66	717
   	4	0	33.19	31.3	          	  	2	33.23	30	  	        	    10	35.61	696
   	  	8	33.31	44.9	          	  	5	33.25	32	  	        	    12	35.58	684
   	  	 18:45	33.5	68.5        	  	8	33.29	35.8	        	    13	35.61	696
   	  	20	33.5	68.5	          	  	21:40	33.49	56.8	        	18	35.61	696
   	  	22	33.5	68.5	          	26	2	33.49	56.8	        	  	20	35.61	696
   	5	0	33.46	63.2	          	  	7	33.49	56.8	        	  	21	35.6	692
   	  	8	33.32	46	  	          	    8	33.46	53.3	  	       6	8	35.03	452
   	6	8	33.09	21.2	          	27	8	33.33	39.6	           7	8	34.29	189
   	7	8	33.01	13.7	          	28	0	33.26	32.9	        	  	17	34.16	158
   	  	20	32.99	12.1	          	  	2	33.25	32	  	        	    20	34.1	145
   	8	0	32.99	12.1	          	  	3	33.25	32	  	        	    20:20	34.1	145
   	  	8	32.98	11.4	          	  	8	33.32	38.6	        	  	21:30	34.08	141
   	  	20	32.96	9.99	          	  	 10:34	33.35	41.5	       8	2	34.0 	127
   	9	0	32.96	9.99	          	29	1	33.65	76.7	        	  	8	33.97	122
   	  	8	32.95	9.41	          	  	2	33.72	85.8	        	  	9	33.99	125
   	  	20	32.94	8.89	          	  	8	34.42	225	  	        	    10	34.06	137
   	10	8	32.91	7.61	          	  	14	34.63	294	  	        	    11:30	34.33	201
   	  	14	32.89	6.91	          	  	 15:30	34.63	294	        	  	19	35.97	1030
   	  	20	32.88	6.59	          	  	 15:50	34.63	294	        	  	20	35.99	1030
   	11	0	32.89	6.91	          	  	16	34.62	290	  	        	    20:05	35.99	1030
   	  	8	32.9	7.25	          	30	8	34.21	169	  	        	    20:20	35.36	1020
   	  	20	32.89	6.91	        7	1	8	33.78	93.9	        	  	21:10	35.0 	1010
   	12	0	32.89	6.91	          	2	8	33.51	59.2	        	  	22	35.96	928
   	  	8	32.88	6.59	          	  	10	33.5	58	  	           9	1	35.83	796
   	  	20	32.88	6.59	          	  	 10:20	33.51	59.2	        	2	35.79	775
   	13	0	32.88	6.59	          	  	 11:10	33.52	60.4	        	3	35.78	769
   	  	8	32.87	6.34	          	  	16	33.69	81.9	        	  	4	35.78	769
   	  	20	32.84	5.55	          	  	 16:30	33.75	89.8	        	8	35.85	810
   	  	    32.84	                  	  	 17	33.91	112	        	  	    9	35.85	810
6	18	8	32.92	8.01	          	  	18	34.67	342	  	        	    10	35.81	786
   	19	8	32.92	8.01	          	3	  4:20	38.23	3170	       10	0	35.31	569
   	  	11	32.99	11.6	          	  	  4:45	38.23	3170	        	3	35.24	540
   	20	0	33.36	42.3	          	  	  4:50	38.23	3170	        	5	35.24	540
   	  	2	33.36	42.3	          	  	5	38.22	3150	        	  	8	35.34	582
   	  	6	33.36	42.3	          	  	6	38.18	3050	        	  	9:10	35.38	599
   	  	8	33.33	39.6	          	  	8	37.95	2570	        	  	11	35.38	599
   	  	20	33.3	36.7	          	  	 18:35	36.49	1100	        	11:25	35.38	599
   	21	0	33.3	36.7	          	  	19	36.46	1080	        	  	11:45	35.36	590
   	  	2	33.29	35.8	          	  	 19:05	36.45	1080	       11	8	34.56	270
   	  	8	33.26	32.9	          	  	 19:35	36.42	1060	       12	8	34.13	152
   	22	8	33.14	22.6	          	4	8	35.69	730	  	           13	8	33.85	111

